"ihd","prevstroke","year","n","d"
0,0,1,344,57
0,0,2,287,27
0,0,3,260,23
0,0,4,237,24
0,0,5,213,27
0,0,6,186,33
0,0,7,153,24
0,0,8,129,10
0,0,9,119,17
0,0,10,102,13
0,1,1,72,17
0,1,2,55,8
0,1,3,47,8
0,1,4,39,9
0,1,5,30,5
0,1,6,25,6
0,1,7,19,4
0,1,8,15,1
0,1,9,14,3
0,1,10,11,1
1,0,1,79,17
1,0,2,62,9
1,0,3,53,5
1,0,4,48,9
1,0,5,39,3
1,0,6,36,7
1,0,7,29,6
1,0,8,23,5
1,0,9,18,4
1,0,10,14,2
1,1,1,23,5
1,1,2,18,4
1,1,3,14,3
1,1,4,11,2
1,1,5,9,2
1,1,6,7,1
1,1,7,6,2
1,1,8,4,1
1,1,9,3,0
1,1,10,3,0
